# This file may be used to create an environment using:
# $ conda create --name <env> --file <this file>
# platform: win-64
bzip2=1.0.8=h2466b09_7
ca-certificates=2025.4.26=h4c7d964_0
colorama=0.4.6=pypi_0
contourpy=1.3.2=pypi_0
cycler=0.12.1=pypi_0
filelock=3.18.0=pypi_0
fonttools=4.58.0=pypi_0
fsspec=2025.3.2=pypi_0
jinja2=3.1.6=pypi_0
joblib=1.5.0=pypi_0
kiwisolver=1.4.8=pypi_0
libexpat=2.7.0=he0c23c2_0
libffi=3.4.6=h537db12_1
liblzma=5.8.1=h2466b09_1
liblzma-devel=5.8.1=h2466b09_1
libsqlite=3.49.2=h67fdade_0
libzlib=1.3.1=h2466b09_2
lightning-utilities=0.14.3=pypi_0
llvmlite=0.44.0=pypi_0
markupsafe=3.0.2=pypi_0
matplotlib=3.10.3=pypi_0
mpmath=1.3.0=pypi_0
networkx=3.4.2=pypi_0
numba=0.61.2=pypi_0
numpy=2.2.5=pypi_0
openssl=3.5.0=ha4e3fda_1
packaging=25.0=pypi_0
pandas=2.2.3=pypi_0
pillow=11.2.1=pypi_0
pip=25.1.1=pyh8b19718_0
pynndescent=0.5.13=pypi_0
pyparsing=3.2.3=pypi_0
python=3.12.5=h889d299_0_cpython
python-dateutil=2.9.0.post0=pypi_0
pytorch-metric-learning=2.8.1=pypi_0
pytz=2025.2=pypi_0
scikit-learn=1.6.1=pypi_0
scipy=1.15.3=pypi_0
seaborn=0.13.2=pypi_0
setuptools=80.1.0=pyhff2d567_0
six=1.17.0=pypi_0
sympy=1.14.0=pypi_0
threadpoolctl=3.6.0=pypi_0
tk=8.6.13=h5226925_1
torch=2.8.0.dev20250323+cu128=pypi_0
torchaudio=2.6.0.dev20250325+cu128=pypi_0
torchinfo=1.8.0=pypi_0
torchmetrics=1.7.1=pypi_0
torchvision=0.22.0.dev20250325+cu128=pypi_0
tqdm=4.67.1=pypi_0
typing-extensions=4.13.2=pypi_0
tzdata=2025.2=pypi_0
ucrt=10.0.22621.0=h57928b3_1
umap-learn=0.5.7=pypi_0
vc=14.3=h2b53caa_26
vc14_runtime=14.42.34438=hfd919c2_26
wheel=0.45.1=pyhd8ed1ab_1
xz=5.8.1=h208afaa_1
xz-tools=5.8.1=h2466b09_1
